Camera matrix R:                                                                                                                                                                                                                                                                                                                                [[827.11793299   0.         324.96443921]
[  0.         826.71888184 233.51228966]
[  0.           0.           1.        ]]                                                                                                                              
dist :
[[ 7.22160342e-02  2.54025800e-01 -4.66200644e-03 -1.37613513e-03 -2.88194019e+00]]                                                                                                                                                     
rvecs :                                                                                                                                                                                                                                                                                                                                         [array([[-0.18914593],[-0.12281039],[-0.02779235]]), 
array([[-0.17439979], [-0.15212629],[-0.03783375]]), 
array([[-0.17030824],[-0.16250353],[-0.03832037]]), 
array([[-0.16982199],[-0.15604786],[-0.0367824 ]]), 
array([[-0.17141602],[-0.15464362],[-0.03560157]]), 
array([[ 0.24933654], [-0.27886301],[-0.01441312]]), 
array([[-0.3989596 ],[-0.12279589], [-0.00456509]]), 
array([[-0.12882625],[ 0.17185476], [-0.0738886 ]]), 
array([[0.12145353], [0.08219321],  [0.10232187]]), 
array([[ 0.13345575],[-0.06564884], [ 0.00651294]]), 
array([[ 0.30020115],[-0.12137024],[ 0.11854826]]), 
array([[-0.07586494],[-0.13388935],[-0.00999492]]), 
array([[-0.16477516],[ 0.18510372],[-0.11225251]]), 
array([[ 0.02050815], [-0.12057752],[ 0.01897387]])]                                                                                                                                                 
tvecs :                                                                                                                                                                                                                                                                                                                                         [array([[-4.00851942],[-3.3531273 ],[20.04486761]]), 
array([[-4.04759653],[-3.16770913],[19.4771369 ]]), 
array([[-4.03527557],[-3.13479706], [19.30848869]]), 
array([[-4.04654583], [-3.13936723], [19.41367418]]), 
array([[-4.04123152], [-3.14597926], [19.44608433]]), 
array([[-3.7062993 ], [-3.38570312], [16.67071274]]), 
array([[-4.91373646], [-0.57491894], [20.6700094 ]]), 
array([[-4.8449992 ],[-2.41797717], [18.87203018]]), 
array([[-5.02636893],[-2.90085454], [17.26308646]]), 
array([[-4.75970538],[-2.0137466 ], [15.91118177]]), 
array([[-4.20870999], [-2.78944285],[18.53082212]]), 
array([[-4.24328256],[-2.72637114], [19.79624411]]), 
array([[-4.7933768 ],[-2.24634331], [21.03566287]]), 
array([[-3.92425172], [-3.4209468 ], [18.01965311]])] 

Camera matrix L:                                                                                                                                                                                                                                                                                                                                [[826.95259598   0.         325.68030078]
[  0.         826.59150052 245.32059451]
[  0.           0.           1.        ]]                                                                                                                              
dist :                                                                                                                                                                                                                                                                                                                                          [[ 3.33438490e-03  3.37766844e-01 -2.70391713e-03  6.63085494e-03   4.31112651e+00]]                                                                                                                                                     
rvecs :                                                                                                                                                                                                                                                                                                                                         [array([[-0.18079733],[-0.141494  ],[-0.03179756]]), 
array([[-0.17144713],[-0.16052302],[-0.03851884]]), 
array([[-0.16901463],[-0.16916154],[-0.03862185]]), 
array([[-0.16919867], [-0.16452946], [-0.03745801]]), 
array([[-0.16849728],[-0.1623173 ], [-0.03643617]]), 
array([[ 0.24381373], [-0.27938956],[-0.01540059]]), 
array([[-0.39214026],[-0.13063248], [-0.00514816]]), 
array([[-0.11952089], [ 0.16632673],[-0.07268728]]), 
array([[0.12994481], [0.07748706], [0.10389573]]), 
array([[ 0.14491522],[-0.0685465 ], [ 0.00789647]]), 
array([[ 0.30867911],[-0.12088034],[ 0.1200752 ]]), 
array([[-0.07528745],[-0.14135404],  [-0.01034579]]), 
array([[-0.15470706],[ 0.18251714], [-0.11081711]]), 
array([[ 0.01729513],[-0.12921304], [ 0.0178583 ]])]                                                                                                                                                 

tvecs :                                                                                                                                                                                                                                                                                                                                         [array([[-1.52867802],  [-3.45809505], [19.85316953]]), 
array([[-1.55475956],[-3.29215437], [19.46972352]]), 
array([[-1.54292571],[-3.25951   ], [19.32693002]]), 
array([[-1.55369033],[-3.26501373],[19.4030177 ]]), 
array([[-1.5497289 ],[-3.26815352],[19.44687641]]), 
array([[-1.22854559],[-3.49921318], [16.76859724]]), 
array([[-2.42830301],[-0.70671309], [20.6623902 ]]), 
array([[-2.36126329],[-2.53780799],[18.87985759]]), 
array([[-2.5307105 ],[-3.01095432],[17.25285989]]), 
array([[-2.26424728],[-2.11460332],[15.88479628]]), 
array([[-1.71673286],[-2.92185079],[18.53991693]]), 
array([[-1.751186  ],[-2.85423872],[19.81034848]]), 
array([[-2.31107757],[-2.38506533],[21.08050032]]), 
array([[-1.43469084],[-3.5312099 ],[18.03193982]])]  

                                                                                                                                               
Saving parameters ...... 


Rot:                                                                                                                                                                    [[ 9.99961703e-01 -9.89859907e-05  8.75110920e-03]
[ 1.66392946e-05  9.99955730e-01  9.40943020e-03]
[-8.75165320e-03 -9.40892424e-03  9.99917437e-01]]                                                                     

Trns: 
[[-2.60711213]
[-0.02559433]
[-0.47204221]]                                                                                                        
 

Emat:                                                                                                                                                                                                                                           [[ 2.31847138e-04  4.72262131e-01 -2.11505673e-02]                                                                       [-4.94840677e-01 -2.44833949e-02  2.60276599e+00]                                                                       [ 2.55499680e-02 -2.60699925e+00 -2.43074608e-02]]                                                                     Fmat                                                                                                                                                                                                                                            [[ 4.97618923e-08  1.02976511e-04 -2.89803616e-02]                                                                       [-1.05845632e-04 -5.32033639e-06  5.04834784e-01]                                                                       [ 2.88910287e-02 -4.95797889e-01  1.00000000e+00]]                                                                     Saving parameters ...... 


proj_mat_l                                                                                                                                                                                                                                      [[823.76065063   0.         150.46509361   0.        ]                                                                   [  0.         823.76065063 236.29869843   0.        ]                                                                   [  0.           0.           1.           0.        ]]                                                                 proj_mat_r:                                                                                                                                                                                                                                     [[ 8.23760651e+02  0.00000000e+00  1.50465094e+02 -2.18265680e+03]                                                       [ 0.00000000e+00  8.23760651e+02  2.36298698e+02  0.00000000e+00]                                                       [ 0.00000000e+00  0.00000000e+00  1.00000000e+00  0.00000000e+00]]   